3.16 2.08 4.52 2.39 5.97 
2.95 1.66 4.09 1.95 6.52 
1.33 0.74 1.98 1.40 5.30 
1054 594 1464 698 6.52 
38.3 21.6 53.2 25.3 6.52 
0.22 0.53 0.43 0.65 2.09 
3.00 1.83 4.17 2.02 6.04 
716 668 697 468 0.01 
3.94 1.40 5.75 6.24 2.50 
6.87 1.68 6.26 1.52 2.36 
7.10 1.47 6.51 1.67 2.24 
6.71 1.64 6.49 1.56 0.32 
6.16 1.75 5.60 1.58 1.88 
6.43 1.36 6.00 1.21 1.85 
6.74 1.65 6.45 1.66 0.48 
5.20 2.81 5.14 2.84 0.01 
7.10 1.97 7.24 2.00 0.09 
34.03 12.74 36.17 11.79 0.50 
0.74 0.44 0.85 0.36 1.37 
1.76 0.16 1.79 0.09 1.44 
3.97 1.52 4.43 1.67 1.37 